ME: 13 --> [(6, 1), (5, 1)]
COMP: 4 --> [(0, 1), (2, 2)]
ME: 12 --> [(7, 2), (6, 1)]
COMP: 4 --> [(2, 2), (4, 1)]
ME: 11 --> [(7, 1), (5, 2)]
COMP: 4 --> [(0, 6), (2, 5)]
ME: 13 --> [(6, 6), (5, 6)]
COMP: 6 --> [(1, 3), (3, 3)]
ME: 12 --> [(7, 5), (6, 6)]
COMP: 6 --> [(3, 3), (4, 3)]
ME: 11 --> [(5, 2), (4, 4)]
COMP: 4 --> [(4, 1), (6, 2)]
ME: 9 --> [(7, 3), (6, 2)]
COMP: 6 --> [(1, 4), (3, 4)]
ME: 11 --> [(4, 4), (2, 5)]
COMP: 2 --> [(0, 3), (2, 5)]
ME: 11 --> [(7, 6), (5, 5)]
COMP: 6 --> [(4, 3), (5, 3)]
ME: 9 --> [(6, 2), (5, 3)]
COMP: 5 --> [(0, 2), (1, 3)]
ME: 12 --> [(6, 1), (3, 4)]
COMP: 2 --> [(2, 5), (2, 2)]
ME: 8 --> [(7, 4), (7, 6)]
COMP: 5 --> [(1, 3), (4, 6)]
ME: 11 --> [(5, 5), (3, 6)]
COMP: 2 --> [(2, 2), (3, 2)]
ME: 12 --> [(3, 4), (4, 5)]
COMP: 5 --> [(0, 5), (1, 4)]
ME: 10 --> [(7, 5), (7, 2)]
COMP: 2 --> [(3, 2), (4, 1)]
ME: 11 --> [(3, 6), (1, 7)]
COMP: 3 --> [(0, 0), (0, 3)]
ME: 9 --> [(5, 3), (4, 4)]
COMP: 3 --> [(0, 7), (1, 7)]
ME: 9 --> [(4, 4), (1, 7)]
COMP: 3 --> [(0, 3), (6, 3)]
ME: 12 --> [(6, 6), (1, 1)]
COMP: 3 --> [(6, 3), (7, 3)]
ME: 10 --> [(7, 2), (7, 3)]
COMP: 2 --> [(4, 1), (1, 1)]
ME: 9 --> [(1, 7), (0, 7)]
COMP: 5 --> [(1, 4), (0, 5)]
ME: 12 --> [(4, 5), (3, 6)]
COMP: 2 --> [(1, 1), (0, 1)]
ME: 10 --> [(7, 3), (0, 3)]
COMP: 2 --> [(0, 1), (0, 3)]
ME: 12 --> [(3, 6), (0, 3)]
COMP: 5 --> [(4, 6), (2, 4)]
ME: 12 --> [(0, 3), (1, 2)]
COMP: 5 --> [(2, 4), (3, 3)]
ME: 12 --> [(1, 2), (2, 3)]
COMP: 1 --> [(0, 4), (1, 3)]
ME: 9 --> [(0, 7), (0, 5)]
COMP: 5 --> [(3, 3), (2, 4)]
ME: 12 --> [(2, 3), (3, 2)]
COMP: 1 --> [(1, 3), (1, 2)]
ME: 9 --> [(0, 5), (1, 4)]
COMP: 1 --> [(1, 2), (0, 2)]
ME: 12 --> [(3, 2), (1, 0)]
COMP: 5 --> [(2, 4), (3, 3)]
ME: 12 --> [(1, 0), (2, 1)]
COMP: 1 --> [(0, 2), (0, 1)]
ME: 9 --> [(1, 4), (1, 2)]
