ME: 13 --> [(6, 3), (4, 3)]
COMP: 4 --> [(0, 1), (2, 2)]
ME: 13 --> [(6, 2), (4, 2)]
COMP: 4 --> [(0, 6), (2, 5)]
ME: 11 --> [(7, 1), (5, 2)]
COMP: 6 --> [(1, 4), (2, 4)]
ME: 11 --> [(7, 6), (5, 5)]
COMP: 5 --> [(0, 5), (4, 1)]
ME: 9 --> [(7, 3), (5, 1)]
COMP: 1 --> [(0, 4), (0, 6)]
ME: 12 --> [(7, 2), (4, 5)]
COMP: 6 --> [(1, 3), (2, 3)]
ME: 13 --> [(6, 4), (5, 4)]
COMP: 4 --> [(2, 5), (4, 4)]
ME: 12 --> [(7, 5), (5, 3)]
COMP: 4 --> [(4, 4), (2, 5)]
ME: 8 --> [(7, 4), (7, 6)]
COMP: 6 --> [(2, 4), (3, 4)]
ME: 12 --> [(4, 5), (3, 6)]
COMP: 6 --> [(3, 4), (4, 3)]
ME: 12 --> [(3, 6), (2, 5)]
COMP: 2 --> [(0, 3), (2, 5)]
ME: 13 --> [(5, 4), (4, 3)]
COMP: 5 --> [(4, 1), (5, 2)]
ME: 13 --> [(6, 1), (5, 2)]
COMP: 4 --> [(2, 2), (3, 0)]
ME: 9 --> [(5, 1), (6, 2)]
COMP: 1 --> [(0, 6), (0, 7)]
ME: 12 --> [(5, 3), (1, 7)]
COMP: 4 --> [(3, 0), (4, 2)]
ME: 9 --> [(6, 2), (4, 0)]
COMP: 4 --> [(4, 2), (2, 1)]
ME: 9 --> [(4, 0), (3, 1)]
COMP: 5 --> [(0, 2), (1, 3)]
ME: 9 --> [(3, 1), (3, 7)]
COMP: 6 --> [(2, 3), (3, 3)]
ME: 12 --> [(1, 7), (2, 6)]
