ME: 13 --> [(6, 4), (4, 4)]
COMP: 4 --> [(0, 6), (2, 5)]
ME: 13 --> [(4, 4), (3, 4)]
COMP: 4 --> [(2, 5), (4, 4)]
ME: 13 --> [(6, 3), (4, 3)]
COMP: 4 --> [(0, 1), (2, 2)]
ME: 11 --> [(7, 6), (5, 5)]
COMP: 6 --> [(1, 4), (2, 4)]
ME: 13 --> [(6, 2), (5, 2)]
COMP: 5 --> [(0, 5), (1, 4)]
ME: 11 --> [(7, 1), (6, 3)]
COMP: 4 --> [(4, 4), (6, 3)]
ME: 12 --> [(7, 2), (6, 3)]
COMP: 1 --> [(0, 4), (0, 6)]
ME: 12 --> [(7, 5), (5, 3)]
COMP: 6 --> [(1, 3), (3, 3)]
ME: 8 --> [(7, 4), (7, 6)]
COMP: 5 --> [(0, 2), (1, 3)]
ME: 9 --> [(7, 3), (6, 2)]
COMP: 6 --> [(1, 5), (3, 5)]
ME: 13 --> [(6, 0), (4, 0)]
COMP: 3 --> [(0, 0), (0, 1)]
ME: 13 --> [(6, 1), (4, 1)]
COMP: 2 --> [(0, 3), (0, 4)]
ME: 13 --> [(4, 1), (3, 1)]
COMP: 4 --> [(2, 2), (0, 3)]
ME: 10 --> [(7, 5), (7, 1)]
COMP: 4 --> [(0, 3), (1, 5)]
ME: 13 --> [(4, 0), (3, 0)]
COMP: 6 --> [(1, 7), (2, 7)]
ME: 13 --> [(3, 0), (2, 0)]
COMP: 6 --> [(1, 1), (2, 0)]
ME: 13 --> [(3, 1), (2, 0)]
COMP: 5 --> [(1, 3), (2, 2)]
ME: 9 --> [(6, 2), (7, 3)]
COMP: 3 --> [(0, 1), (7, 1)]
