ME: 13 --> [(6, 3), (4, 3)]
COMP: 4 --> [(0, 1), (2, 2)]
ME: 13 --> [(6, 2), (4, 2)]
COMP: 4 --> [(0, 6), (2, 5)]
ME: 11 --> [(7, 1), (5, 2)]
COMP: 6 --> [(1, 4), (2, 4)]
ME: 11 --> [(7, 6), (5, 5)]
COMP: 5 --> [(0, 5), (4, 1)]
ME: 12 --> [(7, 2), (6, 3)]
COMP: 1 --> [(0, 4), (0, 6)]
ME: 13 --> [(6, 4), (5, 4)]
COMP: 6 --> [(1, 3), (2, 3)]
ME: 12 --> [(7, 5), (5, 3)]
COMP: 6 --> [(1, 7), (2, 7)]
ME: 8 --> [(7, 4), (7, 6)]
COMP: 5 --> [(0, 2), (1, 3)]
ME: 9 --> [(7, 3), (5, 1)]
COMP: 2 --> [(0, 3), (1, 4)]
ME: 13 --> [(6, 0), (5, 0)]
COMP: 5 --> [(4, 1), (3, 0)]
ME: 10 --> [(7, 5), (7, 1)]
COMP: 3 --> [(0, 0), (0, 1)]
ME: 9 --> [(5, 1), (7, 3)]
COMP: 6 --> [(2, 4), (3, 4)]
ME: 13 --> [(6, 1), (4, 1)]
COMP: 6 --> [(3, 4), (4, 3)]
ME: 13 --> [(5, 4), (4, 3)]
COMP: 5 --> [(3, 0), (2, 1)]
ME: 13 --> [(4, 2), (3, 2)]
COMP: 6 --> [(2, 3), (3, 2)]
ME: 13 --> [(4, 3), (3, 2)]
COMP: 4 --> [(2, 2), (3, 4)]
ME: 11 --> [(5, 5), (3, 4)]
COMP: 2 --> [(1, 4), (3, 4)]
ME: 9 --> [(7, 3), (5, 1)]
COMP: 5 --> [(1, 3), (2, 4)]
ME: 9 --> [(5, 1), (6, 2)]
COMP: 5 --> [(2, 1), (3, 2)]
ME: 13 --> [(4, 1), (3, 2)]
COMP: 2 --> [(3, 4), (3, 2)]
ME: 10 --> [(7, 1), (3, 1)]
COMP: 2 --> [(3, 2), (4, 3)]
ME: 10 --> [(3, 1), (4, 1)]
COMP: 2 --> [(4, 3), (3, 2)]
ME: 10 --> [(7, 0), (7, 1)]
COMP: 3 --> [(0, 5), (0, 3)]
ME: 10 --> [(4, 1), (1, 1)]
COMP: 3 --> [(0, 3), (5, 3)]
ME: 9 --> [(6, 2), (5, 3)]
COMP: 3 --> [(0, 1), (0, 2)]
ME: 10 --> [(1, 1), (0, 1)]
COMP: 2 --> [(3, 2), (5, 0)]
ME: 12 --> [(6, 3), (7, 2)]
COMP: 2 --> [(5, 0), (3, 2)]
ME: 12 --> [(7, 2), (5, 4)]
COMP: 5 --> [(2, 4), (3, 5)]
ME: 12 --> [(5, 4), (3, 2)]
COMP: 5 --> [(3, 5), (5, 3)]
ME: 10 --> [(0, 1), (0, 2)]
COMP: 1 --> [(0, 6), (1, 7)]
ME: 10 --> [(7, 1), (7, 3)]
COMP: 4 --> [(2, 5), (4, 4)]
ME: 11 --> [(5, 2), (4, 4)]
COMP: 5 --> [(5, 3), (4, 4)]
ME: 10 --> [(0, 2), (1, 2)]
COMP: 1 --> [(1, 7), (0, 6)]
ME: 10 --> [(7, 3), (1, 3)]
COMP: 6 --> [(1, 0), (2, 0)]
ME: 10 --> [(1, 3), (1, 5)]
COMP: 6 --> [(1, 6), (3, 6)]
ME: 10 --> [(1, 5), (1, 4)]
COMP: 5 --> [(4, 4), (5, 3)]
ME: 10 --> [(1, 4), (0, 4)]
