ME: 11 --> [(7, 6), (5, 5)]
COMP: 4 --> [(0, 1), (2, 2)]
ME: 13 --> [(6, 6), (5, 6)]
COMP: 4 --> [(2, 2), (4, 1)]
ME: 12 --> [(7, 5), (6, 6)]
COMP: 4 --> [(0, 6), (2, 5)]
ME: 8 --> [(7, 4), (7, 6)]
COMP: 6 --> [(1, 3), (3, 3)]
ME: 13 --> [(6, 3), (4, 3)]
COMP: 5 --> [(0, 2), (4, 6)]
ME: 11 --> [(7, 1), (5, 2)]
COMP: 4 --> [(4, 1), (2, 2)]
ME: 13 --> [(6, 4), (5, 4)]
COMP: 6 --> [(1, 4), (2, 4)]
ME: 11 --> [(5, 2), (4, 0)]
COMP: 5 --> [(0, 5), (2, 3)]
ME: 13 --> [(6, 1), (5, 1)]
COMP: 1 --> [(0, 4), (0, 6)]
ME: 12 --> [(7, 2), (6, 1)]
COMP: 4 --> [(2, 5), (4, 4)]
ME: 10 --> [(7, 0), (7, 2)]
COMP: 2 --> [(0, 3), (2, 5)]
ME: 13 --> [(6, 2), (4, 2)]
COMP: 5 --> [(4, 6), (5, 5)]
ME: 12 --> [(6, 6), (5, 5)]
COMP: 4 --> [(4, 4), (3, 6)]
ME: 12 --> [(5, 5), (6, 6)]
COMP: 6 --> [(3, 3), (4, 2)]
ME: 10 --> [(7, 2), (4, 2)]
COMP: 4 --> [(3, 6), (5, 5)]
ME: 12 --> [(6, 6), (5, 5)]
COMP: 4 --> [(2, 2), (4, 3)]
ME: 12 --> [(6, 1), (4, 3)]
COMP: 6 --> [(2, 4), (3, 4)]
ME: 12 --> [(4, 3), (6, 1)]
COMP: 5 --> [(2, 3), (5, 0)]
ME: 10 --> [(4, 2), (4, 5)]
COMP: 2 --> [(2, 5), (2, 3)]
ME: 9 --> [(7, 3), (2, 3)]
COMP: 5 --> [(5, 0), (2, 3)]
ME: 10 --> [(4, 5), (4, 6)]
COMP: 1 --> [(0, 6), (0, 7)]
ME: 12 --> [(5, 5), (1, 1)]
COMP: 3 --> [(0, 0), (0, 1)]
ME: 12 --> [(1, 1), (3, 3)]
COMP: 3 --> [(0, 1), (3, 1)]
ME: 12 --> [(3, 3), (4, 2)]
COMP: 3 --> [(3, 1), (4, 1)]
ME: 13 --> [(6, 5), (4, 5)]
COMP: 6 --> [(1, 0), (2, 0)]
ME: 13 --> [(4, 5), (3, 4)]
COMP: 5 --> [(2, 3), (1, 4)]
ME: 13 --> [(3, 4), (2, 4)]
COMP: 3 --> [(0, 5), (0, 6)]
ME: 13 --> [(2, 4), (1, 5)]
