ME: 11 --> [(7, 6), (5, 5)]
COMP: 4 --> [(0, 1), (2, 2)]
ME: 13 --> [(6, 6), (5, 6)]
COMP: 4 --> [(2, 2), (4, 1)]
ME: 12 --> [(7, 5), (6, 6)]
COMP: 4 --> [(0, 6), (2, 5)]
ME: 8 --> [(7, 4), (7, 6)]
COMP: 6 --> [(1, 3), (3, 3)]
ME: 11 --> [(7, 1), (5, 2)]
COMP: 6 --> [(3, 3), (4, 3)]
ME: 11 --> [(5, 2), (3, 1)]
COMP: 2 --> [(0, 3), (1, 3)]
ME: 11 --> [(3, 1), (4, 3)]
COMP: 2 --> [(1, 3), (3, 3)]
ME: 11 --> [(4, 3), (5, 1)]
COMP: 5 --> [(0, 2), (4, 6)]
ME: 13 --> [(6, 3), (4, 3)]
COMP: 4 --> [(2, 5), (4, 4)]
ME: 11 --> [(5, 5), (7, 4)]
COMP: 4 --> [(4, 1), (6, 2)]
ME: 11 --> [(7, 4), (6, 2)]
COMP: 5 --> [(4, 6), (6, 4)]
ME: 9 --> [(7, 3), (6, 4)]
COMP: 4 --> [(4, 4), (5, 6)]
ME: 13 --> [(6, 7), (5, 6)]
COMP: 2 --> [(3, 3), (3, 5)]
ME: 9 --> [(6, 4), (3, 1)]
COMP: 2 --> [(3, 5), (3, 1)]
ME: 11 --> [(6, 2), (5, 0)]
COMP: 2 --> [(3, 1), (4, 1)]
